	   501      
	0.0000    0.6500    0.6500
    0.0040    0.6510    0.6474
    0.0080    0.6520    0.6448
    0.0120    0.6530    0.6422
    0.0160    0.6540    0.6396
    0.0200    0.6550    0.6370
    0.0240    0.6560    0.6344
    0.0280    0.6570    0.6318
    0.0320    0.6580    0.6292
    0.0360    0.6590    0.6266
    0.0400    0.6600    0.6240
    0.0440    0.6610    0.6214
    0.0480    0.6620    0.6188
    0.0520    0.6630    0.6162
    0.0560    0.6640    0.6136
    0.0600    0.6650    0.6110
    0.0640    0.6660    0.6084
    0.0680    0.6670    0.6058
    0.0720    0.6680    0.6032
    0.0760    0.6690    0.6006
    0.0800    0.6700    0.5980
    0.0840    0.6710    0.5954
    0.0880    0.6720    0.5928
    0.0920    0.6730    0.5902
    0.0960    0.6740    0.5876
    0.1000    0.6750    0.5850
    0.1040    0.6760    0.5824
    0.1080    0.6770    0.5798
    0.1120    0.6780    0.5772
    0.1160    0.6790    0.5746
    0.1200    0.6800    0.5720
    0.1240    0.6810    0.5694
    0.1280    0.6820    0.5668
    0.1320    0.6830    0.5642
    0.1360    0.6840    0.5616
    0.1400    0.6850    0.5590
    0.1440    0.6860    0.5564
    0.1480    0.6870    0.5538
    0.1520    0.6880    0.5512
    0.1560    0.6890    0.5486
    0.1600    0.6900    0.5460
    0.1640    0.6910    0.5434
    0.1680    0.6920    0.5408
    0.1720    0.6930    0.5382
    0.1760    0.6940    0.5356
    0.1800    0.6950    0.5330
    0.1840    0.6960    0.5304
    0.1880    0.6970    0.5278
    0.1920    0.6980    0.5252
    0.1960    0.6990    0.5226
    0.2000    0.7000    0.5200
    0.2040    0.7010    0.5174
    0.2080    0.7020    0.5148
    0.2120    0.7030    0.5122
    0.2160    0.7040    0.5096
    0.2200    0.7050    0.5070
    0.2240    0.7060    0.5044
    0.2280    0.7070    0.5018
    0.2320    0.7080    0.4992
    0.2360    0.7090    0.4966
    0.2400    0.7100    0.4940
    0.2440    0.7110    0.4914
    0.2480    0.7120    0.4888
    0.2520    0.7130    0.4862
    0.2560    0.7140    0.4836
    0.2600    0.7150    0.4810
    0.2640    0.7160    0.4784
    0.2680    0.7170    0.4758
    0.2720    0.7180    0.4732
    0.2760    0.7190    0.4706
    0.2800    0.7200    0.4680
    0.2840    0.7210    0.4654
    0.2880    0.7220    0.4628
    0.2920    0.7230    0.4602
    0.2960    0.7240    0.4576
    0.3000    0.7250    0.4550
    0.3040    0.7260    0.4524
    0.3080    0.7270    0.4498
    0.3120    0.7280    0.4472
    0.3160    0.7290    0.4446
    0.3200    0.7300    0.4420
    0.3240    0.7310    0.4394
    0.3280    0.7320    0.4368
    0.3320    0.7330    0.4342
    0.3360    0.7340    0.4316
    0.3400    0.7350    0.4290
    0.3440    0.7360    0.4264
    0.3480    0.7370    0.4238
    0.3520    0.7380    0.4212
    0.3560    0.7390    0.4186
    0.3600    0.7400    0.4160
    0.3640    0.7410    0.4134
    0.3680    0.7420    0.4108
    0.3720    0.7430    0.4082
    0.3760    0.7440    0.4056
    0.3800    0.7450    0.4030
    0.3840    0.7460    0.4004
    0.3880    0.7470    0.3978
    0.3920    0.7480    0.3952
    0.3960    0.7490    0.3926
    0.4000    0.7500    0.3900
    0.4040    0.7510    0.3874
    0.4080    0.7520    0.3848
    0.4120    0.7530    0.3822
    0.4160    0.7540    0.3796
    0.4200    0.7550    0.3770
    0.4240    0.7560    0.3744
    0.4280    0.7570    0.3718
    0.4320    0.7580    0.3692
    0.4360    0.7590    0.3666
    0.4400    0.7600    0.3640
    0.4440    0.7610    0.3614
    0.4480    0.7620    0.3588
    0.4520    0.7630    0.3562
    0.4560    0.7640    0.3536
    0.4600    0.7650    0.3510
    0.4640    0.7660    0.3484
    0.4680    0.7670    0.3458
    0.4720    0.7680    0.3432
    0.4760    0.7690    0.3406
    0.4800    0.7700    0.3380
    0.4840    0.7710    0.3354
    0.4880    0.7720    0.3328
    0.4920    0.7730    0.3302
    0.4960    0.7740    0.3276
    0.5000    0.7750    0.3250
    0.5040    0.7760    0.3224
    0.5080    0.7770    0.3198
    0.5120    0.7780    0.3172
    0.5160    0.7790    0.3146
    0.5200    0.7800    0.3120
    0.5240    0.7810    0.3094
    0.5280    0.7820    0.3068
    0.5320    0.7830    0.3042
    0.5360    0.7840    0.3016
    0.5400    0.7850    0.2990
    0.5440    0.7860    0.2964
    0.5480    0.7870    0.2938
    0.5520    0.7880    0.2912
    0.5560    0.7890    0.2886
    0.5600    0.7900    0.2860
    0.5640    0.7910    0.2834
    0.5680    0.7920    0.2808
    0.5720    0.7930    0.2782
    0.5760    0.7940    0.2756
    0.5800    0.7950    0.2730
    0.5840    0.7960    0.2704
    0.5880    0.7970    0.2678
    0.5920    0.7980    0.2652
    0.5960    0.7990    0.2626
    0.6000    0.8000    0.2600
    0.6040    0.8010    0.2574
    0.6080    0.8020    0.2548
    0.6120    0.8030    0.2522
    0.6160    0.8040    0.2496
    0.6200    0.8050    0.2470
    0.6240    0.8060    0.2444
    0.6280    0.8070    0.2418
    0.6320    0.8080    0.2392
    0.6360    0.8090    0.2366
    0.6400    0.8100    0.2340
    0.6440    0.8110    0.2314
    0.6480    0.8120    0.2288
    0.6520    0.8130    0.2262
    0.6560    0.8140    0.2236
    0.6600    0.8150    0.2210
    0.6640    0.8160    0.2184
    0.6680    0.8170    0.2158
    0.6720    0.8180    0.2132
    0.6760    0.8190    0.2106
    0.6800    0.8200    0.2080
    0.6840    0.8210    0.2054
    0.6880    0.8220    0.2028
    0.6920    0.8230    0.2002
    0.6960    0.8240    0.1976
    0.7000    0.8250    0.1950
    0.7040    0.8260    0.1924
    0.7080    0.8270    0.1898
    0.7120    0.8280    0.1872
    0.7160    0.8290    0.1846
    0.7200    0.8300    0.1820
    0.7240    0.8310    0.1794
    0.7280    0.8320    0.1768
    0.7320    0.8330    0.1742
    0.7360    0.8340    0.1716
    0.7400    0.8350    0.1690
    0.7440    0.8360    0.1664
    0.7480    0.8370    0.1638
    0.7520    0.8380    0.1612
    0.7560    0.8390    0.1586
    0.7600    0.8400    0.1560
    0.7640    0.8410    0.1534
    0.7680    0.8420    0.1508
    0.7720    0.8430    0.1482
    0.7760    0.8440    0.1456
    0.7800    0.8450    0.1430
    0.7840    0.8460    0.1404
    0.7880    0.8470    0.1378
    0.7920    0.8480    0.1352
    0.7960    0.8490    0.1326
    0.8000    0.8500    0.1300
    0.8040    0.8510    0.1274
    0.8080    0.8520    0.1248
    0.8120    0.8530    0.1222
    0.8160    0.8540    0.1196
    0.8200    0.8550    0.1170
    0.8240    0.8560    0.1144
    0.8280    0.8570    0.1118
    0.8320    0.8580    0.1092
    0.8360    0.8590    0.1066
    0.8400    0.8600    0.1040
    0.8440    0.8610    0.1014
    0.8480    0.8620    0.0988
    0.8520    0.8630    0.0962
    0.8560    0.8640    0.0936
    0.8600    0.8650    0.0910
    0.8640    0.8660    0.0884
    0.8680    0.8670    0.0858
    0.8720    0.8680    0.0832
    0.8760    0.8690    0.0806
    0.8800    0.8700    0.0780
    0.8840    0.8710    0.0754
    0.8880    0.8720    0.0728
    0.8920    0.8730    0.0702
    0.8960    0.8740    0.0676
    0.9000    0.8750    0.0650
    0.9040    0.8760    0.0624
    0.9080    0.8770    0.0598
    0.9120    0.8780    0.0572
    0.9160    0.8790    0.0546
    0.9200    0.8800    0.0520
    0.9240    0.8810    0.0494
    0.9280    0.8820    0.0468
    0.9320    0.8830    0.0442
    0.9360    0.8840    0.0416
    0.9400    0.8850    0.0390
    0.9440    0.8860    0.0364
    0.9480    0.8870    0.0338
    0.9520    0.8880    0.0312
    0.9560    0.8890    0.0286
    0.9600    0.8900    0.0260
    0.9640    0.8910    0.0234
    0.9680    0.8920    0.0208
    0.9720    0.8930    0.0182
    0.9760    0.8940    0.0156
    0.9800    0.8950    0.0130
    0.9840    0.8960    0.0104
    0.9880    0.8970    0.0078
    0.9920    0.8980    0.0052
    0.9960    0.8990    0.0026
    1.0000    0.9000    0.0026
    0.9992    0.8964    0.0026
    0.9984    0.8928    0.0026
    0.9976    0.8892    0.0026
    0.9968    0.8856    0.0026
    0.9960    0.8820    0.0025
    0.9952    0.8784    0.0025
    0.9944    0.8748    0.0025
    0.9936    0.8712    0.0025
    0.9928    0.8676    0.0025
    0.9920    0.8640    0.0025
    0.9912    0.8604    0.0025
    0.9904    0.8568    0.0025
    0.9896    0.8532    0.0025
    0.9888    0.8496    0.0025
    0.9880    0.8460    0.0024
    0.9872    0.8424    0.0024
    0.9864    0.8388    0.0024
    0.9856    0.8352    0.0024
    0.9848    0.8316    0.0024
    0.9840    0.8280    0.0024
    0.9832    0.8244    0.0024
    0.9824    0.8208    0.0024
    0.9816    0.8172    0.0024
    0.9808    0.8136    0.0024
    0.9800    0.8100    0.0023
    0.9792    0.8064    0.0023
    0.9784    0.8028    0.0023
    0.9776    0.7992    0.0023
    0.9768    0.7956    0.0023
    0.9760    0.7920    0.0023
    0.9752    0.7884    0.0023
    0.9744    0.7848    0.0023
    0.9736    0.7812    0.0023
    0.9728    0.7776    0.0022
    0.9720    0.7740    0.0022
    0.9712    0.7704    0.0022
    0.9704    0.7668    0.0022
    0.9696    0.7632    0.0022
    0.9688    0.7596    0.0022
    0.9680    0.7560    0.0022
    0.9672    0.7524    0.0022
    0.9664    0.7488    0.0022
    0.9656    0.7452    0.0022
    0.9648    0.7416    0.0021
    0.9640    0.7380    0.0021
    0.9632    0.7344    0.0021
    0.9624    0.7308    0.0021
    0.9616    0.7272    0.0021
    0.9608    0.7236    0.0021
    0.9600    0.7200    0.0021
    0.9592    0.7164    0.0021
    0.9584    0.7128    0.0021
    0.9576    0.7092    0.0020
    0.9568    0.7056    0.0020
    0.9560    0.7020    0.0020
    0.9552    0.6984    0.0020
    0.9544    0.6948    0.0020
    0.9536    0.6912    0.0020
    0.9528    0.6876    0.0020
    0.9520    0.6840    0.0020
    0.9512    0.6804    0.0020
    0.9504    0.6768    0.0020
    0.9496    0.6732    0.0019
    0.9488    0.6696    0.0019
    0.9480    0.6660    0.0019
    0.9472    0.6624    0.0019
    0.9464    0.6588    0.0019
    0.9456    0.6552    0.0019
    0.9448    0.6516    0.0019
    0.9440    0.6480    0.0019
    0.9432    0.6444    0.0019
    0.9424    0.6408    0.0019
    0.9416    0.6372    0.0018
    0.9408    0.6336    0.0018
    0.9400    0.6300    0.0018
    0.9392    0.6264    0.0018
    0.9384    0.6228    0.0018
    0.9376    0.6192    0.0018
    0.9368    0.6156    0.0018
    0.9360    0.6120    0.0018
    0.9352    0.6084    0.0018
    0.9344    0.6048    0.0017
    0.9336    0.6012    0.0017
    0.9328    0.5976    0.0017
    0.9320    0.5940    0.0017
    0.9312    0.5904    0.0017
    0.9304    0.5868    0.0017
    0.9296    0.5832    0.0017
    0.9288    0.5796    0.0017
    0.9280    0.5760    0.0017
    0.9272    0.5724    0.0017
    0.9264    0.5688    0.0016
    0.9256    0.5652    0.0016
    0.9248    0.5616    0.0016
    0.9240    0.5580    0.0016
    0.9232    0.5544    0.0016
    0.9224    0.5508    0.0016
    0.9216    0.5472    0.0016
    0.9208    0.5436    0.0016
    0.9200    0.5400    0.0016
    0.9192    0.5364    0.0015
    0.9184    0.5328    0.0015
    0.9176    0.5292    0.0015
    0.9168    0.5256    0.0015
    0.9160    0.5220    0.0015
    0.9152    0.5184    0.0015
    0.9144    0.5148    0.0015
    0.9136    0.5112    0.0015
    0.9128    0.5076    0.0015
    0.9120    0.5040    0.0015
    0.9112    0.5004    0.0014
    0.9104    0.4968    0.0014
    0.9096    0.4932    0.0014
    0.9088    0.4896    0.0014
    0.9080    0.4860    0.0014
    0.9072    0.4824    0.0014
    0.9064    0.4788    0.0014
    0.9056    0.4752    0.0014
    0.9048    0.4716    0.0014
    0.9040    0.4680    0.0014
    0.9032    0.4644    0.0013
    0.9024    0.4608    0.0013
    0.9016    0.4572    0.0013
    0.9008    0.4536    0.0013
    0.9000    0.4500    0.0013
    0.8992    0.4464    0.0013
    0.8984    0.4428    0.0013
    0.8976    0.4392    0.0013
    0.8968    0.4356    0.0013
    0.8960    0.4320    0.0012
    0.8952    0.4284    0.0012
    0.8944    0.4248    0.0012
    0.8936    0.4212    0.0012
    0.8928    0.4176    0.0012
    0.8920    0.4140    0.0012
    0.8912    0.4104    0.0012
    0.8904    0.4068    0.0012
    0.8896    0.4032    0.0012
    0.8888    0.3996    0.0012
    0.8880    0.3960    0.0011
    0.8872    0.3924    0.0011
    0.8864    0.3888    0.0011
    0.8856    0.3852    0.0011
    0.8848    0.3816    0.0011
    0.8840    0.3780    0.0011
    0.8832    0.3744    0.0011
    0.8824    0.3708    0.0011
    0.8816    0.3672    0.0011
    0.8808    0.3636    0.0011
    0.8800    0.3600    0.0010
    0.8792    0.3564    0.0010
    0.8784    0.3528    0.0010
    0.8776    0.3492    0.0010
    0.8768    0.3456    0.0010
    0.8760    0.3420    0.0010
    0.8752    0.3384    0.0010
    0.8744    0.3348    0.0010
    0.8736    0.3312    0.0010
    0.8728    0.3276    0.0009
    0.8720    0.3240    0.0009
    0.8712    0.3204    0.0009
    0.8704    0.3168    0.0009
    0.8696    0.3132    0.0009
    0.8688    0.3096    0.0009
    0.8680    0.3060    0.0009
    0.8672    0.3024    0.0009
    0.8664    0.2988    0.0009
    0.8656    0.2952    0.0009
    0.8648    0.2916    0.0008
    0.8640    0.2880    0.0008
    0.8632    0.2844    0.0008
    0.8624    0.2808    0.0008
    0.8616    0.2772    0.0008
    0.8608    0.2736    0.0008
    0.8600    0.2700    0.0008
    0.8592    0.2664    0.0008
    0.8584    0.2628    0.0008
    0.8576    0.2592    0.0007
    0.8568    0.2556    0.0007
    0.8560    0.2520    0.0007
    0.8552    0.2484    0.0007
    0.8544    0.2448    0.0007
    0.8536    0.2412    0.0007
    0.8528    0.2376    0.0007
    0.8520    0.2340    0.0007
    0.8512    0.2304    0.0007
    0.8504    0.2268    0.0007
    0.8496    0.2232    0.0006
    0.8488    0.2196    0.0006
    0.8480    0.2160    0.0006
    0.8472    0.2124    0.0006
    0.8464    0.2088    0.0006
    0.8456    0.2052    0.0006
    0.8448    0.2016    0.0006
    0.8440    0.1980    0.0006
    0.8432    0.1944    0.0006
    0.8424    0.1908    0.0006
    0.8416    0.1872    0.0005
    0.8408    0.1836    0.0005
    0.8400    0.1800    0.0005
    0.8392    0.1764    0.0005
    0.8384    0.1728    0.0005
    0.8376    0.1692    0.0005
    0.8368    0.1656    0.0005
    0.8360    0.1620    0.0005
    0.8352    0.1584    0.0005
    0.8344    0.1548    0.0004
    0.8336    0.1512    0.0004
    0.8328    0.1476    0.0004
    0.8320    0.1440    0.0004
    0.8312    0.1404    0.0004
    0.8304    0.1368    0.0004
    0.8296    0.1332    0.0004
    0.8288    0.1296    0.0004
    0.8280    0.1260    0.0004
    0.8272    0.1224    0.0004
    0.8264    0.1188    0.0003
    0.8256    0.1152    0.0003
    0.8248    0.1116    0.0003
    0.8240    0.1080    0.0003
    0.8232    0.1044    0.0003
    0.8224    0.1008    0.0003
    0.8216    0.0972    0.0003
    0.8208    0.0936    0.0003
    0.8200    0.0900    0.0003
    0.8192    0.0864    0.0002
    0.8184    0.0828    0.0002
    0.8176    0.0792    0.0002
    0.8168    0.0756    0.0002
    0.8160    0.0720    0.0002
    0.8152    0.0684    0.0002
    0.8144    0.0648    0.0002
    0.8136    0.0612    0.0002
    0.8128    0.0576    0.0002
    0.8120    0.0540    0.0002
    0.8112    0.0504    0.0001
    0.8104    0.0468    0.0001
    0.8096    0.0432    0.0001
    0.8088    0.0396    0.0001
    0.8080    0.0360    0.0001
    0.8072    0.0324    0.0001
    0.8064    0.0288    0.0001
    0.8056    0.0252    0.0001
    0.8048    0.0216    0.0001
    0.8040    0.0180    0.0001
    0.8032    0.0144    0.0000
    0.8024    0.0108    0.0000
    0.8016    0.0072    0.0000
    0.8008    0.0036    0.0000
    0.8000         0         0
